create scatter plot 
#Alamine_Aminotransferase vs. Aspartate_Aminotransferase: X-axis: Alamine_Aminotransferase Y-axis: Aspartate_Aminotransferase
#Purpose: Both are liver enzymes, so it might be interesting to see if there is a correlation between their levels and liver disease
# Create a data frame with  x and y values
data <- data.frame(
  Aspartate_Aminotransferase = c(
    18, 100, 68, 20, 59, 14, 12, 11, 19, 58, 59, 56, 58, 30, 41, 53, 441, 23, 245, 245, 
    28, 34, 66, 55, 45, 731, 731, 850, 30, 21, 111, 44, 23, 57, 57, 80, 36, 77, 66, 73, 
    50, 110, 47, 576, 15, 178, 27, 960, 28, 178, 14, 19, 406, 150, 61, 61, 23, 54, 18, 
    24, 16, 43, 43, 97, 86, 88, 95, 58, 26, 17, 397, 29, 24, 16, 22, 41, 17, 127, 24, 79, 
    142, 26, 12, 152, 31, 45, 56, 59, 34, 350, 850, 794, 850, 400, 202, 23, 630, 950, 161, 
    405, 28, 23, 45, 23, 28, 92, 92, 39, 39, 34, 10, 116, 39, 98, 285, 64, 149, 2946, 
    1600, 1050, 275, 113, 84, 18, 29, 25, 88, 40, 83, 65, 58, 28, 31, 14, 36, 4929, 90, 
    140, 140, 66, 21, 30, 139, 139, 87, 22, 38, 30, 26, 27, 42, 20, 40, 27, 233, 138, 82, 
    35, 35, 32, 350, 187, 66, 62, 62, 74, 66, 67, 41, 32, 37, 602, 63, 34, 34, 31, 99, 
    42, 29, 25, 29, 37, 43, 17, 19, 103, 145, 247, 38, 28, 114, 104, 51, 25, 32, 54, 104, 
    32, 18, 1050, 53, 53, 23, 21, 26, 22, 60, 1500, 95, 33, 14, 180, 127, 58, 34, 148, 16, 
    31, 30, 39, 46, 24, 28, 19, 44, 51, 62, 15, 13, 21, 85, 231, 156, 89, 27, 298, 40, 16, 
    35, 48, 30, 46, 23, 23, 19, 18, 79, 28, 29, 25, 22, 40, 40, 15, 21, 48, 17, 86, 34, 130, 
    87, 140, 54, 21, 92, 34, 54, 29, 75, 20, 54, 231, 500, 18, 22, 19, 20, 40, 20, 14, 48, 
    15, 14, 21, 48, 24, 12, 20, 39, 105, 44, 14, 24, 41, 21, 41, 19, 25, 15, 35, 25, 30, 32, 
    17, 17, 16, 113, 47, 18, 250, 22, 47, 54, 22, 65, 21, 82, 30, 232, 16, 27, 58, 34, 67, 
    37, 23, 90, 33, 20, 23, 68, 56, 113, 25, 24, 19, 143, 68, 50, 30, 33, 138, 32, 28, 40, 
    44, 11, 105, 14, 15, 58, 38, 33, 176, 23, 26, 30, 38, 34, 70, 26, 28, 15, 29, 57, 43, 35, 
    52, 20, 25, 37, 29, 17, 25, 23, 31, 33, 13, 41, 22, 53, 43, 22, 12, 91, 30, 21, 20, 40, 
    35, 35, 20, 92, 68, 56, 20, 32, 70, 50, 145, 20, 236, 108, 22, 26, 21, 58, 108, 73, 190, 
    850, 44, 71, 30, 24, 40, 180, 29, 50, 65, 57, 71, 42, 59, 15, 126, 42, 66, 12, 141, 33, 
    13, 87, 24, 36, 21, 80, 44, 90, 18, 20, 39, 102, 81, 19, 46, 20, 511, 25, 27, 72, 25, 36, 
    23, 16, 22, 43, 35, 19, 46, 51, 23, 18, 42, 53, 42, 16, 108, 54, 32, 56, 26, 33, 21, 135, 
    42, 25, 32, 497, 844, 51, 368, 188, 57, 40, 248, 15, 190, 26, 29, 57, 111, 103, 28, 401, 
    29, 31, 39, 22, 70, 55, 76, 30, 221, 79, 235, 185, 73, 230, 540, 36, 48, 28, 24, 58, 181, 
    24, 28, 68, 630, 155, 25, 15, 16, 15, 32, 63, 200, 38, 152, 21, 186, 17, 623, 74, 52, 
    220, 75, 78, 45, 23, 19, 47, 27, 42, 42, 32, 348, 186, 141, 41, 22, 30, 140, 43, 87, 27, 
    125, 330, 138, 562, 384, 367, 83, 34, 143, 31, 40, 101, 168, 90, 134, 125, 88, 92, 88, 
    80, 47, 34, 31, 49, 32, 24
  ),
  Alamine_Aminotransferase = c(
    16, 64, 60, 14, 27, 19, 16, 14, 22, 53, 51, 31, 61, 22, 53, 91, 168, 15, 232, 232, 17, 
    22, 116, 16, 52, 875, 875, 1680, 20, 13, 45, 35, 19, 59, 59, 102, 18, 38, 38, 123, 33, 42, 
    25, 407, 17, 48, 36, 1630, 39, 64, 21, 15, 80, 86, 31, 31, 26, 24, 42, 20, 21, 37, 37, 
    35, 40, 62, 55, 53, 27, 24, 166, 20, 27, 22, 20, 52, 189, 95, 12, 48, 60, 25, 14, 194, 
    45, 58, 28, 33, 33, 119, 412, 404, 412, 220, 126, 25, 102, 190, 97, 308, 27, 21, 36, 14, 
    21, 32, 32, 29, 29, 25, 11, 33, 63, 24, 181, 88, 74, 2000, 1350, 1250, 482, 322, 60, 17, 
    36, 45, 133, 46, 61, 57, 50, 18, 34, 17, 35, 1250, 62, 72, 72, 25, 20, 15, 84, 84, 63, 
    18, 21, 20, 20, 21, 30, 18, 20, 26, 45, 58, 70, 20, 20, 36, 140, 99, 43, 42, 42, 13, 40, 
    64, 53, 33, 28, 378, 35, 48, 48, 43, 112, 71, 37, 30, 23, 33, 36, 20, 18, 60, 79, 114, 
    42, 32, 118, 107, 79, 30, 48, 30, 52, 12, 22, 790, 50, 50, 19, 27, 27, 28, 50, 950, 53, 
    23, 20, 60, 82, 25, 18, 17, 36, 30, 38, 41, 27, 38, 40, 20, 56, 45, 38, 18, 26, 26, 61, 
    85, 149, 48, 32, 230, 57, 20, 40, 69, 32, 24, 30, 25, 20, 15, 22, 25, 37, 28, 38, 37, 
    48, 12, 90, 89, 23, 148, 31, 65, 56, 205, 55, 25, 55, 30, 38, 12, 50, 15, 96, 152, 390, 
    15, 25, 22, 25, 45, 25, 18, 56, 18, 12, 10, 30, 29, 15, 15, 16, 120, 48, 32, 22, 37, 
    25, 78, 16, 24, 26, 40, 32, 21, 28, 18, 21, 36, 74, 21, 22, 178, 48, 43, 25, 25, 24, 
    18, 29, 42, 179, 21, 31, 30, 36, 47, 42, 27, 160, 11, 29, 14, 54, 62, 80, 21, 17, 24, 
    198, 85, 79, 50, 44, 70, 36, 40, 60, 32, 14, 349, 19, 19, 62, 41, 36, 110, 25, 13, 21, 
    50, 28, 42, 47, 23, 21, 26, 33, 28, 28, 45, 22, 24, 30, 30, 29, 32, 26, 32, 35, 12, 
    20, 16, 36, 28, 27, 10, 115, 29, 25, 34, 31, 31, 23, 25, 94, 142, 37, 24, 30, 28, 25, 
    137, 24, 44, 155, 19, 20, 15, 18, 157, 141, 284, 440, 28, 33, 15, 28, 93, 76, 26, 69, 
    52, 48, 48, 34, 44, 12, 59, 49, 33, 10, 102, 20, 10, 55, 31, 32, 28, 41, 15, 30, 25, 
    23, 29, 52, 35, 18, 40, 35, 425, 26, 26, 50, 20, 25, 40, 15, 25, 22, 28, 37, 16, 159, 
    55, 22, 23, 21, 23, 22, 18, 30, 22, 13, 17, 64, 38, 33, 119, 15, 24, 622, 779, 28, 132, 
    91, 46, 18, 154, 18, 102, 31, 17, 96, 56, 133, 30, 196, 31, 52, 42, 18, 40, 62, 28, 
    29, 39, 39, 95, 43, 190, 119, 140, 31, 37, 22, 32, 48, 65, 16, 50, 74, 168, 69, 14, 
    24, 15, 12, 35, 21, 68, 12, 54, 14, 110, 12, 509, 88, 46, 67, 25, 85, 24, 21, 29, 46, 
    23, 67, 41, 47, 39, 60, 74, 25, 20, 29, 58, 20, 139, 25, 80, 382, 75, 321, 233, 173, 
    31, 22, 22, 22, 20, 91, 213, 131, 46, 54, 50, 48, 41, 58, 28, 20, 35, 48, 29, 21
  )
)

# Create a scatterplot
plot(data$Alamine_Aminotransferase, data$Aspartate_Aminotransferase, 
     xlab = "Alamine Aminotransferase", ylab = "Aspartate Aminotransferase",
     main = "Scatterplot of Alamine Aminotransferase vs. Aspartate Aminotransferase",
     pch = 16, col = "blue")
